GeneNames	PLNB	AE	NNE	ALNB	NP
42sp43.l[42sp43(4e-134)]	0.0702723853633534	0.237778348809143	0.127717417143736	0.250629095239172	0.313602753444595
42sp50.l[42sp50(0.0)]	0.171707460715661	0.216359507096624	0.120994797431373	0.246760326111833	0.244177908644509
6330408a02rik-like.1.s[c19orf68(0.0)]	0.23405279393487	0.245922074074983	0.0810170832591142	0.303638997025583	0.135369051705449
6330408a02rik-like.2.s[c19orf68(0.0)]	0.215148417235845	0.237268739710071	0.110075192692734	0.277773141741549	0.1597345086198
a2m.s[a2m(0.0)]	0.0954242832338803	0.790549998338501	0	0.0751115807070737	0.0389141377205446
aaas.l[aaas(3e-49)]	0.125851296067428	0.339920737221448	0.143157609567485	0.275266589740232	0.115803767403407
aacs.s[aacs(0.0)]	0.681527418581596	0.25016225345884	0.0683103279595638	0	0
aadacl4.s[aadacl4(0.0)]	0.0830908158236532	0.221048163844772	0.695861020331575	0	0
aadat.s[aadat(0.0)]	0	0.15172059891726	0.25946472137784	0.436082026329142	0.152732653375759
aaed1.s[c9orf21(1e-158)]	0.0307293647694925	0.148399474496503	0.687246603241586	0.0100644877881095	0.123560069704309
aagab-like.l[aagab(0.0)]	0.155550106366526	0.302157826287501	0.177298400203414	0.166936327798754	0.198057339343806
aagab-like.s[aagab(0.0)]	0.223269248332339	0.227077266589655	0.106364557885853	0.295482131143718	0.147806796048435
aak1.l[aak1(9e-42)]	0.151043512467414	0.299565855492254	0.221964303606935	0.18148863050737	0.145937697926027
aak1.s[aak1(0.0)]	0.0233873730906198	0.242085177537862	0.132325837505327	0.396937541456859	0.205264070409331
aar2.1[c20orf4(0.0)]	0.160433870889971	0.216364934438887	0.0746114992931684	0.345264172282443	0.203325523095531
aarsd1.l[aarsd1(6e-142)]	0.230603511230292	0.271271646758881	0.122862233128201	0.28127842871488	0.0939841801677452
aasdh-like.l[aasdh(1e-178)]	0.205011870608458	0.236197937935871	0.072694614227649	0.364520559057637	0.121575018170385
aasdhppt.s[aasdhppt(0.0)]	0.159550333934092	0.359144961822045	0.0835463733980812	0.217062240768571	0.18069609007721
aass.l[aass(0.0)]	0.176161436747848	0.267975334786972	0.133432836493981	0.242258383569426	0.180172008401774
aatf.s[aatf(3e-67)]	0.214887205505368	0.26521136180328	0.0819186266841964	0.354573203124574	0.083409602882581
aatk-like.l[aatk(9e-122)]	0.024561228316235	0.624484218645764	0	0.316118725519806	0.034835827518195
aatk-like.s[aatk(3e-65)]	0.43268676256999	0.0573922697680233	0	0.284079182181262	0.225841785480725
abat.l[abat(0.0)]	0.373440187151224	0.201345821902277	0.0760789916576711	0.308232074860415	0.0409029244284129
abat.s[abat(5e-56)]	0.219275542932736	0.204276262627431	0.160642987794263	0.204614493352385	0.211190713293186
abca1.l[abca1(0.0)]	0.212544806058105	0.220951132847114	0	0.323329438903712	0.243174622191069
abca1.s[abca1(0.0)]	0.34970321530615	0.110850081716213	0	0.374123940265704	0.165322762711932
abca2.l[abca2(0.0)]	0.0477266903737714	0.132133818291834	0.360010378609525	0.170304777300414	0.289824335424456
abca3-like.l[abca3(1e-49)]	0.129918923622045	0.188522531830473	0.116533625452271	0.224786624146999	0.340238294948212
abca3-like.s[abca3(0.0)]	0.0488887945948262	0.146902431724138	0.0850256253384951	0.227535524910339	0.491647623432202
abca4.l[abca4(0.0)]	0.0608366778124352	0.121147032364189	0.0979954938402565	0.583334760453044	0.136686035530076
abca5.l[abca5(0.0)]	0.247223258219591	0.274678331142917	0.10007422199908	0.165366052064482	0.21265813657393
abca8.l[abca8(0.0)|bcl2l1(1e-140)]	0.105474186038278	0.270257041569844	0.125910884049338	0.345061975540598	0.153295912801942
abcb5.l[ensxetg00000007433(0.0)]	0.0416156206699711	0.744594858693197	0	0.208209786606252	0.00557973403058004
abcb6.l[abcb6(0.0)]	0.117196860495936	0.203849694327571	0.134876579929765	0.415777726308076	0.128299138938651
abcb9.l[abcb9(0.0)]	0.421052849376458	0.194497244477588	0.0576935732811013	0.262048184389164	0.0647081484756884
abcc3.l[abcc3(0.0)]	0.0782943035015089	0	0.672453752283067	0.249251944215424	0
abcc4.l[abcc4(0.0)]	0.0486063604548485	0.36478948519111	0.0630926669886721	0.41787962956124	0.10563185780413
abcc4.s[abcc4(0.0)]	0.326189448551175	0.330737799526827	0	0.259748266688162	0.0833244852338361
abcd2-like.l	0.223220063993016	0	0.00468062022352089	0	0.772099315783463
abcd2-like.s	0	0	0	0.279715025839	0.720284974161
abcd3.s[abcd3(2e-35)]	0.210922153415038	0.274640116992212	0.051818786703553	0.196941775455687	0.26567716743351
abcd4-like.l[abcd4(0.0)]	0.183925269304124	0.208888320737499	0.133853581502198	0.283931003395054	0.189401825061125
abce1.l[abce1(0.0)]	0.224360103119807	0.212231018765885	0.120675944241396	0.30006393048868	0.142669003384231
abce1.s[abce1(0.0)]	0.162890439942942	0.228479322869864	0.142176766938556	0.335647735001558	0.130805735247081
abcf1-like.l[abcf1(4e-78)]	0.0889403590140107	0.256847918919967	0.125272442445213	0.384510387560634	0.144428892060175
abcg2.l[abcg2(0.0)]	0.0235244392265314	0.0740480322328317	0.627873921725852	0.183498911482145	0.0910546953326408
abcg2.s[abcg2(0.0)]	0.752073685220052	0.226523363377614	0.0214029514023341	0	0
abcg4-like.l[abcg4(2e-113)]	0	0.151447168868417	0.00136946568086273	0.228107558913604	0.619075806537116
abhd11.l[abhd11(0.0)]	0.141702669083765	0.16985632047297	0.267217349141765	0.281681936556425	0.139541724745075
abhd12.l[abhd12(0.0)]	0.0621322658859527	0.527184388007902	0.160431597666358	0.180971276102249	0.0692804723375381
abhd12.s[abhd12(2e-78)]	0	0.100911319071147	0.833522130484055	0	0.0655665504447977
abhd14a.l[ensxetg00000031804(0.0)]	0.111787214199285	0.454235135329831	0.207772953397014	0.1284010027153	0.0978036943585701
abhd14a.s[ensxetg00000001631(4e-95)|ensxetg00000031804(0.0)]	0.038039840041956	0.0496910721249561	0.00933523606759972	0.0409901754918976	0.861943676273591
abhd16a.l[abhd16a(1e-64)]	0.207174523923739	0.176248804127073	0.0669570518503799	0.264217042888326	0.285402577210481
abhd16a.s[abhd16a(0.0)]	0.138629223918102	0.251392640328778	0.0999468737337423	0.327729424712364	0.182301837307013
abhd17a.l[fam108a1(2e-69)]	0.0919824017949593	0.235620454847917	0.173854017380865	0.292764629511357	0.205778496464901
abhd17a.s[fam108a1(0.0)]	0.178313482501754	0.294421532992655	0.144044143239186	0.212235125154322	0.170985716112084
abhd17b.l[fam108b1(4e-66)]	0.13418296432728	0.155604194099784	0.229618458779168	0.249125166467396	0.231469216326372
abhd17b.s[fam108b1(1e-71)]	0.0486762990924121	0.322852810297799	0.0587188438420932	0.124803340961448	0.444948705806247
abhd17c.l[fam108c1(0.0)]	0.226598903264706	0.222256836282889	0.0783531809578272	0.193226173339016	0.279564906155561
abhd17c.s[fam108c1(0.0)]	0.165739336598752	0.218409380326921	0.0995521947473964	0.144678923458168	0.371620164868763
abhd2.l[abhd2(0.0)]	0.251909155122528	0.201945709200222	0.070467480912085	0.325632974163695	0.15004468060147
abhd2.s[abhd2(2e-80)]	0.290530068710629	0.302585841594159	0	0.245271635445891	0.161612454249321
abhd4.1[abhd4(0.0)]	0.138911578125224	0.244538538157328	0.190018615593763	0.254882054168273	0.171649213955413
abhd4.l[abhd4(0.0)]	0.0270094294952844	0.167022594941969	0.424695757219122	0.252047467020873	0.129224751322752
abhd5.l[abhd5(0.0)]	0.331597663245769	0.164782181875892	0.088679227539246	0.300374021822377	0.114566905516717
abi1.l[abi1(2e-153)]	0.127600719746216	0.241337740554999	0.156798705027082	0.353230953290394	0.121031881381308
abi2.l[abi2(0.0)]	0.134747901091074	0.204622169221935	0.0433703396012968	0.323948315403753	0.293311274681941
abi2.s[abi2(0.0)]	0.255554331736152	0.180893476178868	0.0422687174068676	0.327014236526243	0.194269238151869
abl1-like.1[abl1(2e-77)]	0.0548504869900825	0.251046064909279	0.089707108192728	0.312907674268156	0.291488665639755
abl1-like.s[abl1(0.0)|exosc2(3e-157)]	0.203034903743539	0.254385506467595	0.0773304619461313	0.331062267208216	0.134186860634519
abl2.l[abl2(3e-57)]	0.223214528662635	0.182662152676669	0.0797831993207248	0.362004519286081	0.152335600053891
abl2.s[abl2(0.0)]	0.182595502213869	0.246050204649274	0.10244237588869	0.340634801032229	0.128277116215938
abo-like.2.l[abo(3e-82)]	0.0896891303047352	0.301418683454924	0.390216587670286	0.164038726865856	0.054636871704199
abr.l[abr(3e-125)]	0.500232823109496	0.137782225442594	0.0520621054519827	0.119487578988318	0.190435267007609
abr.s[abr(3e-125)]	0.0558542988112536	0.10914152999433	0.142850984973531	0.371456962544501	0.320696223676385
abra.s[abra(0.0)]	0.0245346557029842	0.566155121889428	0	0.0543946805247588	0.354915541882829
abtb1.l[abtb1(0.0)]	0.0867062497441333	0.0649280532456008	0.10172348007287	0.121191865398743	0.625450351538653
abtb1.s[abtb1(0.0)]	0.0644767550729122	0.111138987369477	0.127304908568925	0.375067270092618	0.322012078896069
abtb2-like.2.l[abtb2(0.0)]	0.0219997916929144	0	0	0.746592606946826	0.23140760136026
abtb2-like.2.s[abtb2(3e-173)|nat10(8e-72)]	0.0106397764186535	0	0.0266535337120363	0.792443016648306	0.170263673221005
acaa1.l[acaa1(2e-114)]	0.272943899095331	0.218337584098376	0.0903221218873644	0.234886094491276	0.183510300427653
acaa2.l[acaa2(0.0)]	0.0738413138154483	0.285423997077206	0.111148218557277	0.292422556010954	0.237163914539114
acaa2.s[acaa2(8e-110)]	0.26216750160183	0.357101328932954	0.0673866008072246	0.259987348574529	0.053357220083462
acaca-like.l[acaca(0.0)]	0	0.0522623320474282	0.458387682207538	0.35600213302769	0.133347852717344
acaca-like.s[acaca(0.0)]	0.0672334867576643	0.147717725628269	0.505298577143813	0.154816850220974	0.12493336024928
acacb.l[acacb(0.0)]	0.0787804001650676	0.177746037384829	0.141204340596293	0.468142974712806	0.134126247141005
acad10.l[acad10(0.0)]	0.325869114987201	0.22396871769328	0.116949336381068	0.236667810022285	0.0965450209161662
acad8.l[acad8(0.0)]	0.24251424265929	0.212653860372941	0.11933181562657	0.283344237838987	0.142155843502212
acadl.l[acadl(0.0)]	0.452186061275643	0.114463004109342	0.0898830334676168	0	0.343467901147398
acadm.l[acadm(0.0)]	0.171005705416711	0.262688179824142	0.0682282553574298	0.33196491440904	0.166112944992676
acadm.s[acadm(2e-137)]	0.153972158657436	0.275085547274723	0.104008037502861	0.350237662566425	0.116696593998556
acads.l[acads(0.0)]	0.384209735376556	0.230056844970768	0.125137864067359	0.179797725301756	0.0807978302835611
acadsb.l[acadsb(0.0)]	0.167968868652193	0.355066840964251	0.0938254419061655	0.24641311537801	0.136725733099381
acap3.l[acap3(0.0)]	0.115793803893672	0.239057055958869	0	0.25327347709367	0.391875663053789
acap3.s[acap3(0.0)]	0.0715697722058007	0	0.0522747592007536	0.74989959977785	0.126255868815595
acat1.1[acat1(0.0)]	0.596777241324524	0.120282910373169	0	0.282939848302307	0
acat1.s[acat1(0.0)]	0.167161463378915	0.251952363770918	0.104813693420131	0.255968647913675	0.220103831516362
acat2.l[acat2(0.0)]	0.265970127057927	0.177945402518832	0.133382262243288	0.241424896002164	0.181277312177788
acat2.s[acat2(0.0)]	0.378072739158955	0.215932555966837	0.0551099197446573	0.161996425247938	0.188888359881612
acbd3.l[acbd3(2e-47)]	0.164881944135141	0.305026036773104	0.226742896015314	0.204911180882927	0.0984379421935148
acbd3.s[acbd3(0.0)]	0.185319468358358	0.299311512113291	0.213873930400971	0.163778596996493	0.137716492130887
acbd5.l[acbd5(0.0)]	0.179462579438409	0.310832236621975	0.208234029418812	0.159224406349283	0.142246748171521
acbd6.s[acbd6(8e-152)]	0.173285494322803	0.237985096744604	0.111475633606242	0.30163025229403	0.175623523032321
accs.l[ensxetg00000033705(2e-106)]	0.195990683435218	0.206621953680654	0.0710835595646246	0.346772846040097	0.179530957279407
accs.s[ensxetg00000033705(3e-48)]	0.15360126025455	0.268998363419976	0.0872987212112581	0.304665353701614	0.185436301412601
acer1.l[acer1(3e-64)]	0.3110995693734	0.187581671438248	0.0624377742594963	0.240978164467848	0.197902820461008
acer3.l[acer3(1e-84)]	0.164835661781419	0.157714845398739	0.442630847840614	0.190922857556267	0.0438957874229607
acer3.s[acer3(0.0)]	0.185974985186933	0.309443467900725	0.0672283879583586	0.275588867070192	0.161764291883791
ackr3.l[cxcr7(0.0)]	0.314944597699715	0.0831770627099018	0.103255927164728	0.140007039898152	0.358615372527504
ackr3.s[cxcr7(0.0)]	0.189407133573787	0.145467476671651	0.182012361830897	0.138274272159395	0.34483875576427
acmsd-like.s[acmsd(0.0)]	0.299316568482716	0.40335962772426	0.140348870470152	0.0736049261498172	0.0833700071730546
aco1.l[aco1(0.0)]	0.254621530044297	0.229720696445475	0.0914479599669731	0.271206748482543	0.153003065060712
aco2.l[aco2(1e-106)]	0.178819964012412	0.240461376200198	0.120576168007747	0.235230208355309	0.224912283424334
aco2.s[aco2(2e-98)]	0.106367046728429	0.202499960680112	0.157445245141511	0.259823754106103	0.273863993343845
acot11-like.l[acot11(0.0)]	0.297749662510597	0.367483543869422	0.131925858853809	0.112195966662894	0.0906449681032782
acot12.l[acot12(0.0)]	0.262515491175818	0.359693325219027	0.083276765916953	0.173030153716553	0.121484263971648
acot13.s[acot13(0.0)]	0.176384711377853	0.381123862319654	0.11535290572091	0.221361478496672	0.105777042084912
acot2.s[acot2(0.0)]	0.155240915753502	0.393173865255436	0.122490964473131	0.184576287178024	0.144517967339908
acot8.s[acot8(0.0)]	0.153304694091928	0.15876012578548	0.293623918243739	0.202278172866928	0.192033089011926
acox2.l[acox2(0.0)|arpc4(7e-26)]	0.0917062431818449	0.164463939904344	0.199818229594927	0.324661712048665	0.219349875270219
acoxl.l[acoxl(0.0)]	0.384513232909675	0.194864420483082	0.0782622044336657	0.214679411750976	0.127680730422601
acpp.l	0	0	0.957407237005992	0.0425927629940083	0
acrc.l[igbp1(0.0)]	0.1850411390346	0.24766396719753	0.0781372853915462	0.286796487452783	0.20236112092354
acsbg1.l[acsbg1(0.0)]	0	0.496333321564566	0	0.403711199407163	0.0999554790282706
acsf3.s[acsf3(0.0)]	0.149164875772745	0.119578675185849	0.134155150165637	0.359307322247593	0.237793976628175
acsl4.l[acsl4(1e-119)]	0.361593108033887	0.218425672902362	0.00281850290239474	0.235820914161282	0.181341802000075
acsl4.s[acsl4(0.0)]	0.282431264406339	0.201213020421557	0.0684388397313712	0.29669878771929	0.151218087721442
acsl6.l[acsl6(0.0)]	0.462803784344171	0.29747604623714	0	0.0520480444765251	0.187672124942165
acsm3.l[acsm3(8e-52)]	0.255148508662725	0.280505312133712	0.05894120504606	0.259941742127919	0.145463232029584
acss2-like.l[acss2.1(0.0)]	0.185634996234862	0.273957699057788	0.321515545545378	0.165999238738694	0.0528925204232774
acss3.l[acss3(0.0)]	0.109835491248701	0.182957448161609	0.197535635486911	0.413527748384238	0.0961436767185404
act3.l[act3(0.0)]	4.99362042976009e-05	0	0	0	0.999950063795703
act3.s[act3(0.0)]	0	0	0	0	1
actc1.l[actc1(0.0)]	0.101915419080516	0	0	0	0.898084580919484
actc1.s[actc1(0.0)]	0.112742257739824	0	0	0	0.887257742260176
actg1.l[actg1(0.0)]	0.116799518714957	0.137758492884434	0.209997997286615	0.276989562441946	0.258454428672048
actg1.s[actg1(0.0)]	0.144188290281306	0.147044391606898	0.194491985946647	0.247604742649867	0.26667058951528
actn1.l[actn1(0.0)]	0.153826225167479	0.266236191119172	0.343015077844127	0.236922505869222	0
actn1.s[actn1(0.0)]	0.0683497468206464	0.410654616446589	0.45416307306753	0.0590295567153356	0.00780300694989874
actn3.l[actn3(3e-63)]	0.162948507496697	0.543425958338276	0.0437025482024132	0.11012534593769	0.139797640024923
actn3.s[actn3(0.0)]	0.0596628534262333	0.0884425642255509	0	0	0.851894582348216
actn4.l[actn4(0.0)]	0.118438519253741	0.119431755801102	0.323866086058701	0.31326188898414	0.125001749902316
actn4.s[actn4(5e-75)]	0.0784187751947919	0.250712576459791	0.17991006292206	0.340629594395859	0.150328991027498
actr10.l[actr10(3e-171)]	0.0921754239447388	0.249614339425694	0.120059927298688	0.35675378142306	0.181396527907819
actr10.s[actr10(0.0)]	0.187906642082794	0.249773625490723	0.0757303648511033	0.28436312721252	0.20222624036286
actr1a.l[actr1a(0.0)]	0.0921696593554634	0.283102706175479	0.125472297072653	0.360517067979573	0.138738269416832
actr1a.s[actr1a(1e-64)]	0.133489582686356	0.352131715489586	0.169229803178031	0.219025867254655	0.126123031391371
actr2.l[actr2(2e-79)]	0.170087758162116	0.243468725576664	0.273385198730174	0.178109212672185	0.13494910485886
actr2.s[actr2(0.0)]	0.165437293776676	0.257698208450547	0.0932345303673135	0.292499944537731	0.191130022867732
actr3.l[actr3(2e-42)]	0.124569273926727	0.192677009419302	0.27196140519756	0.226827633438654	0.183964678017756
actr3.s[actr3(0.0)]	0.130094349847111	0.232273244796933	0.222411833004975	0.235984358261793	0.179236214089188
actr5.s[actr5(0.0)]	0.217353905420859	0.28352113105309	0.0813165525164303	0.252653360459049	0.165155050550571
actr6.l[actr6(4e-169)]	0.238664789768961	0.285304729591164	0.0688959194183735	0.249385020129825	0.157749541091676
actr8.1	0.270505717268733	0.246502913422282	0.0704276166592627	0.272590986700078	0.139972765949645
acvr1.l[acvr1(3e-91)]	0.130642740287432	0.385821090136747	0.0965649555988448	0.0967188737171041	0.290252340259873
acvr1.s[acvr1(0.0)]	0.11937982308963	0.222970971673396	0.123101564184348	0.260158682496793	0.274388958555834
acvr1b.l[acvr1b(0.0)]	0.11298178983773	0.367812286265645	0.0912187590236278	0.0915408646512063	0.336446300221791
acvr1b.s[acvr1b(0.0)]	0.242670177596921	0.236543773409405	0.0591427152493172	0.264140569973397	0.19750276377096
acvr2a.l[acvr2a(0.0)]	0.207763167821331	0.259368005192773	0.0724045351442762	0.256873138844014	0.203591152997607
acvr2a.s[acvr2a(0.0)]	0.199415409605123	0.229400581811949	0.0545593923326929	0.274659867897676	0.24196474835256
acvr2b.l[acvr2b(0.0)]	0.250657354062766	0.0385155715103973	0.10777473639194	0.320054959861027	0.28299737817387
acvr2b.s[acvr2b(0.0)]	0.165641459555882	0.155031466095836	0.0787181921643018	0.343205173447615	0.257403708736365
acy1.1.s[acy1.1(7e-170)]	0.130995402390611	0.258251127923953	0.10703806418721	0.163891776016403	0.339823629481823
acy3.l[acy3(1e-87)]	0.26595890072654	0.254466007211184	0.297398257947741	0.127776068068858	0.0544007660456771
adad2.s[adad2(2e-96)]	0.158422095117352	0.237412202109527	0.520481029054766	0.0540588979237636	0.0296257757945904
adal.l[adal(0.0)]	0.606780557996195	0.218635536984952	0.0177085444048584	0	0.156875360613995
adal.s[adal(0.0)]	0.227790640883883	0.223389756121127	0.0812939046500536	0.23986855679659	0.227657141548347
adam10.l[adam10(0.0)]	0.071344081795721	0.218809465542892	0.103088531332062	0.360067319516538	0.246690601812787
adam10.s[adam10(0.0)]	0.188696860244068	0.210054585906775	0.138171356933372	0.306229221495259	0.156847975420525
adam11.l[adam11(2e-85)]	0	0	0.0347956611754124	0.965204338824588	0
adam11.s[adam11(0.0)]	0.191543765904473	0.0283780614298519	0.0113885064228082	0.26187539577149	0.506814270471377
adam17.l[adam17(0.0)]	0.115297409600844	0.25924151490364	0.137204651095916	0.31706959869855	0.17118682570105
adam17.s[adam17(0.0)]	0.0520076284685309	0.265284982319352	0.22216851471918	0.308075569639934	0.152463304853003
adam19.s[adam19(4e-133)]	0.234315368642803	0.241165808849976	0.0480181326266017	0.189911097685318	0.286589592195301
adam9.l[adam9(2e-53)]	0.109946450641286	0.276241240358796	0.101191701723517	0.205365561970897	0.307255045305504
adam9.s[adam9(2e-116)]	0.0918334807534444	0.153892204167757	0.234363890043057	0.25970162626624	0.260208798769501
adamts1.l[adamts1(0.0)]	0.403964590899043	0	0.121871782010713	0	0.474163627090243
adamts1.s[adamts1(4e-168)]	0.449657844032034	0.0792185841663293	0	0.100197356350183	0.370926215451454
adamts10-like.l[adamts10(0.0)]	0.289331331047274	0	0	0	0.710668668952726
adamts12.l[adamts12(0.0)]	0.0733282381713304	0.422580539634329	0.0683447492806222	0.283650010832205	0.152096462081513
adamts17-like.l[adamts17(0.0)]	0.437773983215311	0.101914150660785	0.0501790162667543	0.0908374570603791	0.31929539279677
adamts18.l[adamts18(0.0)]	0.0282467973186381	0.761105796871939	0	0.134174849482885	0.0764725563265382
adamts18.s[adamts18(0.0)]	0.0762873016894412	0.450272276246281	0	0	0.473440422064278
adamts2.s[adamts2(0.0)]	0.273509468557753	0.259800214248083	0.0190302898828928	0.355591135209013	0.0920688921022584
adamts3.l[adamts3(0.0)]	0	0	0.035061098528049	0.194034279397333	0.770904622074618
adamts3.s[adamts3(0.0)]	0	0.315227719393622	0.0766831190530819	0.513972245438439	0.0941169161148566
adamts5.l[adamts5(0.0)]	0.436443145527506	0	0.000525696760368471	0	0.563031157712125
adamts5.s[adamts5(0.0)]	0.562408570934008	0	0.0112196564815021	0	0.42637177258449
adamts6.1[adamts6(0.0)]	0.031457226611072	0.131121034762172	0.00862551582185422	0.547323011592513	0.281473211212389
adamts6.l[adamts6(2e-144)]	0.0469856123652903	0.293420398606802	0.0250993601463863	0.286927897365356	0.347566731516166
adamts7-like.l[adamts7(5e-140)]	0.0690451575940927	0.0131500504856261	0.0658348221474631	0.338046450743579	0.513923519029239
adamts9.s[adamts9(1e-173)]	0	0.48418160645695	0.105206376170913	0.23532951445035	0.175282502921786
adamtsl1.l[adamtsl1(2e-102)]	0.380785034348783	0.00471016382781099	0.012233100139119	0.222631991874869	0.379639709809419
adamtsl4.l[adamtsl4(6e-42)]	0.0481621939971066	0.318590881596187	0	0.482209144499244	0.151037779907462
adamtsl4.s[adamtsl4(4e-45)]	0.0149487584351673	0.295360049697656	0	0.574410307102389	0.115280884764788
adamtsl5.l[adamtsl5(0.0)]	0	0	0.441778401837182	0.558221598162818	0
adamtsl5.s[adamtsl5(1e-67)]	0	0	0.456959763509485	0.543040236490515	0
adap1.l[xb-gene-5838973(0.0)|adap1(1e-44)]	0.205502551406321	0.427748890631706	0.200532064897062	0.142026554974409	0.0241899380905022
adat1.s[adat1(0.0)]	0.134326246999344	0.352938794970025	0.07936908442177	0.177390632023689	0.255975241585171
adat2.l[adat2(4e-169)]	0.167020717881872	0.237630439934521	0.103807120623625	0.34869361688481	0.142848104675172
adck4-like.l[adck4(0.0)]	0.166737096532633	0.240653041507433	0.0943443714217574	0.423038644452435	0.0752268460857418
adcy4-like.l[adcy4(0.0)]	0.152384241772767	0.119756535280955	0.0587169014007625	0.269524879566168	0.399617441979347
adcy4-like.s[adcy4(0.0)]	0.20710998537183	0	0.396533601563811	0.0658565124635232	0.330499900600836
adcy7.l[adcy7(0.0)]	0.139342815911665	0.204210764599712	0.0581339770843023	0.423389491620823	0.174922950783497
add3.l[add3(0.0)]	0.225391590997885	0.197451016380077	0.0868971901259406	0.297280197757304	0.192980004738794
add3.s[add3(0.0)]	0.195496391041757	0.243366266299823	0.082352999698955	0.304723878050401	0.174060464909064
adgb.l[adgb(0.0)]	0.211919975096945	0.215139800852401	0.205783713321039	0.211960202731803	0.155196307997813
adh6.l[adh6(0.0)]	0.263236805683504	0.234556652743049	0.122909576079417	0.25917565472607	0.120121310767961
adi1.l[adi1(2e-55)]	0.212639527545679	0.244172572373213	0.080837389386499	0.334093355856492	0.128257154838117
adk.1[adk(9e-40)]	0.201943869042668	0.262750140964182	0.129665147118512	0.272381510268941	0.133259332605696
adm2.l	0.299405102922966	0.0591913638962618	0.00468222622801445	0	0.636721306952758
adm2.s	0.448160132799456	0.241904503899141	0.00846472538155907	0.185010387054924	0.11646025086492
admp.l[admp(1e-80)]	0	0.0421125966546864	0	0	0.957887403345314
admp.s[admp(6e-79)]	0	0.087198512411001	0	0	0.912801487588999
admp2.l	0.410341752134763	0.412662499490848	0	0.176995748374389	0
adnp.l[adnp(0.0)]	0.203468019221324	0.230626253121375	0.0682922289548724	0.329449020339573	0.168164478362855
adnp.s[adnp(0.0)]	0.199328687455309	0.224543000518	0.0654288230772524	0.342945164620712	0.167754324328727
adnp2.l[adnp2(8e-177)]	0.207096385993276	0.251620649213242	0.0676261126699874	0.347040001093113	0.126616851030382
adnp2.s[adnp2(7e-68)]	0.228940214224929	0.227050467295616	0.0706627089838239	0.340119254663188	0.133227354832443
ado.l[ado(0.0)]	0.279908713583872	0.216998363390257	0.0350836877773031	0.279747952701494	0.188261282547074
ado.s[ado(0.0)]	0.148292377527215	0.291063538699819	0.149359301320727	0.269091991406528	0.142192791045712
adora1.s[adora1(0.0)]	0	0.648541594315665	0	0.20832508308649	0.143133322597845
adora2a.l[adora2a(1e-44)]	0.123135051126642	0	0.63038939199825	0.211731538209959	0.0347440186651501
adora2a.s[adora2a(0.0)]	0	0	0.944363992675893	0	0.055636007324107
adora2b.l[adora2b(0.0)]	0.198066509319602	0.488763224695782	0	0.199500065765547	0.113670200219069
adprhl2.l[adprhl2(0.0)]	0.0626068624741257	0.187408633492721	0.0878797041112141	0.450727804120813	0.211376995801126
adprhl2.s[adprhl2(0.0)]	0.0599892088101264	0.30400296199096	0.0424102658369974	0.376590948636295	0.217006614725621
adprm.l[c17orf48(0.0)]	0.523603492302069	0.119925752189803	0.0464486122576942	0.258385896851383	0.0516362463990508
adrbk2.l[adrbk2(3e-36)]	0.200189868518516	0.134923632264871	0.0728205261239016	0.322216379508514	0.269849593584198
adrbk2.s[adrbk2(0.0)]	0.249443821979467	0	0.0964153217737216	0.318630483821253	0.335510372425558
adrm1.l[adrm1(0.0)]	0.202572319235518	0.219773588077525	0.0895814467434947	0.221407178688079	0.266665467255384
adrm1.s[adrm1(0.0)]	0.120178583440906	0.423347027052459	0.138761822259387	0.170078611883118	0.147633955364129
adsl.l[adsl(0.0)]	0.255696422050534	0.300187396099965	0.120794495442372	0.109490339678634	0.213831346728495
adss.l[adss(0.0)]	0.0906734231078307	0.266548052723102	0.121374709478807	0.376909867201899	0.144493947488361
aen.l[aen(0.0)]	0.104174397011691	0.346051133005071	0.162963051567558	0.361225045231954	0.025586373183725
aen.s	0.213863454651751	0.188960231490663	0	0.323586122848665	0.273590191008921
afap1.l[afap1(1e-31)]	0.150843059632017	0.163921057614339	0.0647121860924172	0.561586114641541	0.0589375820196865
afap1.s[afap1(0.0)]	0.183628436510221	0.176220632770672	0.0353630701240897	0.441344573086032	0.163443287508985
afap1l1.l[afap1l1(6e-43)]	0.112867871876601	0.234876292913288	0.0788061984206	0.463081995673533	0.110367641115978
afap1l1.s[afap1l1(0.0)]	0	0	0.0388731377043861	0.961126862295614	0
aff1.l[aff1(0.0)]	0.0804579856444612	0.31792863428119	0.111391066309307	0.403219481697472	0.0870028320675694
aff2-like.2.s[aff2(0.0)]	0.180210370398087	0.630872727111543	0.0269065972763322	0.162010305214037	0
aff4.l[aff4(2e-57)]	0.149585133975165	0.281557690307522	0.102242750918291	0.320060895311528	0.146553529487494
aff4.s[aff4(0.0)]	0.206923837283502	0.226018510821034	0.0935867939426917	0.303796487939425	0.169674370013347
afg3l1p.1[afg3l1p(0.0)]	0.340463008992655	0.166184504083141	0.0804578895326765	0.270901349164789	0.141993248226737
afg3l1p.s[afg3l1p(0.0)]	0.177055817476795	0.249925580366541	0.120257010491429	0.237994744844576	0.214766846820659
afg3l2.l[afg3l2(0.0)]	0.173361199484137	0.263757114417052	0.114457173728087	0.325461155765725	0.122963356604999
afmid.l[afmid(0.0)]	0.248533644702275	0.292680983265331	0.336951945660364	0.0800348697229779	0.0417985566490516
aga.l[aga(0.0)]	0.253875868235722	0.300253515290329	0.0998674724535186	0.181311955951671	0.164691188068759
agbl2.l[agbl2(6e-32)]	0	0.0497128259361986	0.64923979151447	0.0907250174657763	0.210322365083555
agbl3.s[agbl3(2e-53)]	0.0184686110785037	0.158582141429832	0.380587111415572	0.166406893118561	0.275955242957531
agbl5.l[agbl5(5e-61)]	0.0370966711634307	0.0939322204407007	0.360267403583377	0.199641775586796	0.309061929225695
agbl5.s[agbl5(0.0)]	0.0360416787290578	0.141717244844345	0.275516098203268	0.123933505633068	0.422791472590261
agfg1.l[agfg1(0.0)]	0.0777993016380037	0.0926375894879565	0.312689414555517	0.250550196873123	0.2663234974454
agfg1.s[agfg1(0.0)]	0.0320473380748175	0.106578274107047	0.265615540611695	0.147573247007648	0.448185600198793
aggf1.l[aggf1(6e-110)]	0.151274005448062	0.259510225515389	0.0817646588696952	0.358958414081991	0.148492696084863
aggf1.s[aggf1(6e-107)]	0.182372737437706	0.259780291454681	0.0860539337551401	0.312260787701323	0.15953224965115
agk.s[agk(0.0)]	0.175887541344759	0.193645224036323	0.106374751467255	0.339359831122457	0.184732652029206
agl.l[agl(0.0)]	0.257747466685543	0.176835428391423	0.0857110436717766	0.350041405928905	0.129664655322352
agl.s[agl(0.0)]	0.127244003676548	0.245046468497842	0.0887243474757663	0.339021247721058	0.199963932628785
agmo.l[agmo(5e-61)]	0.810470370382112	0	0.00852642592378291	0	0.181003203694105
ago1.l[eif2c1(0.0)]	0.149870622631042	0.205393723353566	0.0278468966718581	0.449794379776029	0.167094377567504
ago1.s[eif2c1(3e-34)]	0.110927693904162	0.210318706289744	0.0132304382996223	0.424711033130159	0.240812128376314
ago2.l[eif2c2(0.0)]	0.187104260849891	0.207359302242091	0.0541355602570251	0.36979228324007	0.181608593410923
ago2.s[eif2c2(0.0)]	0.175831416837802	0.194635143754705	0.0952030263091274	0.354613935369113	0.179716477729252
ago3-like.l[eif2c3(0.0)]	0.121736916457276	0.503666030765637	0.285727627510757	0.0494478090408084	0.0394216162255215
ago3-like.s[eif2c3(0.0)]	0.126907159109468	0.337098300398619	0.102591754132687	0.203267990011917	0.230134796347309
agpat1.l[agpat1(1e-47)]	0.127576105406819	0.17598309800464	0.0429101654676337	0.261247851316632	0.392282779804275
agpat1.s[agpat1(8e-40)]	0.239408673966494	0.27912456735427	0.0598854178899539	0.159378078956189	0.262203261833092
agpat5.l[agpat5(1e-128)]	0.0974065626183502	0.201130792260766	0.206868609400784	0.451376375129201	0.0432176605908983
agpat5.s[agpat5(0.0)]	0.214530842445483	0.183603927433146	0.0793672683832707	0.48023509811251	0.0422628636255897
agpat6.l[agpat6(0.0)]	0.181508330186619	0.249545184723525	0.133296284937485	0.255215402786282	0.180434797366089
agpat6.s[agpat6(0.0)]	0.141757950757197	0.189404714358852	0.112109671204944	0.496701452779625	0.0600262108993815
agpat9.l[chchd2(7e-81)]	0.11258556684704	0.257544590404293	0.165314307293978	0.33995720221963	0.12459833323506
agpat9.s[chchd2(0.0)]	0.26948351478016	0.236368381249632	0.103313453225044	0.225040793527153	0.165793857218011
agps.l[agps(0.0)]	0.218754351845839	0.213205580858519	0.223686649250468	0.233565410956978	0.110788007088196
agps.s[agps(0.0)]	0.191180722112711	0.196558883262081	0.124710393258207	0.385107714356403	0.102442287010598
agr2.l[agr2(0.0)]	0	0.978772525243698	0.0212274747563017	0	0
agr2.s[agr2(0.0)]	0	0.974235521807475	0.0257644781925246	0	0
agtrap.l[agtrap(2e-60)]	0.30141273919652	0.317332962629996	0.107936493800554	0.145915848138378	0.127401956234552
agxt.s[agxt(0.0)]	0.0118929141238535	0.419940226868813	0.478266738249727	0	0.0899001207576061
ahctf1.l[ahctf1(9e-25)|ahctf1(0.0)]	0.123512120799159	0.242838415884392	0.100719507972169	0.381567349049021	0.151362606295259
ahctf1.s[ahctf1(0.0)|ahctf1(0.0)]	0.0989777037962765	0.264221220218162	0.156026870636326	0.334019280885157	0.146754924464078
ahcy.l[ahcy(0.0)]	0	0.162184937796782	0.25959678448161	0.437701742684926	0.140516535036682
ahcy.s[ahcy(0.0)]	0.078973611424318	0.213529014232897	0.160287633575513	0.366921477678057	0.180288263089215
ahdc1.l[ahdc1(1e-137)]	0.117208303470272	0.233070574857407	0.0762660833244641	0.434688036757594	0.138767001590263
ahdc1.s[ahdc1(8e-139)]	0.0686743324331347	0.199388265106954	0.085783653221853	0.449575187511046	0.196578561727012
ahi1-like.l[ahi1(0.0)]	0.06366919087987	0.276089868341802	0.147466828129426	0.33470093057696	0.178073182071942
ahnak-like.l[ahnak(1e-23)]	0.113416236413853	0.250887525883527	0.388629139972888	0.247067097729732	0
ahnak-like.s[ahnak(1e-25)]	0.0448983263119728	0.216627449375929	0.627136620517788	0.106722359909851	0.00461524388445973
ahsa1.l[ahsa1(0.0)]	0.259936563540775	0.317935377308075	0.0798260340216616	0.2404582587118	0.101843766417689
ahsa1.s[ahsa1(1e-22)]	0.28988103677621	0.230856166974872	0.0631341818577214	0.25159893633777	0.164529678053427
aifm1.l[aifm1(1e-21)]	0.188245632403231	0.273561568374925	0.107089581918235	0.250655994366794	0.180447222936815
aifm2.l[aifm2(2e-141)]	0	0.406148139288632	0.455963915791905	0.137887944919463	0
aifm2.s[aifm2(0.0)]	0.151417459563832	0.175433870821473	0.0241755986831847	0.303698507326299	0.345274563605212
aifm3-like.l[ensxetg00000033610(0.0)|xtr-mir-22(8e-38)]	0.235731444469599	0.298852389988373	0.416660514533503	0.0487556510085252	0
aim1-like.1.l[aim1(0.0)]	0.131021455638732	0.227953650682115	0.48548539128019	0.155539502398963	0
aim1-like.1.s[aim1(0.0)]	0.157739727390619	0.0855395148435156	0.745113934168226	0	0.0116068235976395
aim1l.l[aim1l(3e-73)]	0.212063915887406	0.201370344302877	0.537551209463689	0	0.049014530346027
aim1l.s[aim1l(0.0)]	0.175290226395127	0.443538421633607	0.209343210600339	0.171828141370927	0
aimp1.l[aimp1(0.0)]	0.162347733005185	0.26969755009895	0.125648248964193	0.322920419969312	0.119386047962359
aimp1.s[aimp1(3e-84)]	0.35917105254598	0.22428691236228	0.0694220972777332	0.196185949462251	0.150933988351755
aimp2.l[aimp2(0.0)]	0.201573544935304	0.286919799284554	0.0967327359520686	0.27825142637516	0.136522493452914
aimp2.s[aimp2(0.0)]	0.044918281853572	0.274685343074934	0.182586493935408	0.387604841052951	0.110205040083135
aip.l[aip(0.0)]	0.136701730740255	0.164905622231343	0.0686881061713023	0.428377320709966	0.201327220147134
ak3.1[ak3(0.0)]	0.0682526984553854	0	0.104375553161809	0.816038213023375	0.0113335353594308
ak3.l[ak3(0.0)]	0.115707453603899	0.137200813896257	0.0783348633301435	0.372866298066546	0.295890571103154
ak4.l[ak4(0.0)]	0	0	0.0297969572847043	0.849829007239609	0.120374035475687
ak4.s[ak4(0.0)]	0.795994372626411	0.117676139771392	0.0181412662072242	0.0681882213949728	0
ak6.l[taf9(0.0)]	0.152331990099099	0.291600503695682	0.070807206098545	0.434574924987683	0.0506853751189901
ak6.s[taf9(0.0)]	0.263172273984055	0.284960352423454	0.136126241793676	0.268387852579254	0.0473532792195615
ak7.s[ak7(0.0)]	0.027751081875551	0	0.880949931898519	0.0434885644453629	0.0478104217805667
ak8.l[ak8(7e-126)]	0.0451609761761192	0.0825802695059945	0.370111222633418	0.368685498356017	0.133462033328452
akap1-like.l	0.189781597427934	0.254641920716301	0.0710795337043713	0.385743406771669	0.0987535413797249
akap1-like.s[nf1(9e-63)]	0.104087855777394	0.265522629984728	0.0776989990870832	0.47267638465683	0.0800141304939645
akap10.l[akap10(0.0)]	0.0806278128415143	0.209952392379353	0.183734451885483	0.347115959166693	0.178569383726957
akap10.s[akap10(0.0)]	0.180520808988243	0.239850084286369	0.111704135175461	0.306115315295483	0.161809656254444
akap11.l[akap11(0.0)]	0.200339347072653	0.192116388425154	0.383201270878897	0.119168006126436	0.10517498749686
akap11.s[akap11(0.0)]	0.0921629236243071	0.335773231385909	0.232663818228089	0.146755047955991	0.192644978805704
akap13-like.l[ensxetg00000007624(0.0)|akap13(9e-163)]	0.122354478575723	0.257176867642782	0.0783932076926127	0.357160235904468	0.184915210184414
akap13-like.s[ensxetg00000007624(0.0)|akap13(3e-157)]	0.184279957740315	0.21051109877245	0.130923868409352	0.285585588407988	0.188699486669895
akap14-like.l	0	0	0.966652317279265	0	0.0333476827207351
akap14-like.s[ndufa1(2e-83)|nkap(2e-77)]	0.0403648477284275	0.269741110323799	0.595452742743683	0	0.0944412992040896
akap2.1[akap2(0.0)]	0.427350314307798	0.0459997657733586	0.00761192985753344	0.129494597678245	0.389543392383065
akap2.l[akap2(0.0)]	0.173036548484237	0.306079347001693	0.0742660356678987	0.129198377390303	0.317419691455869
akap6-like.s[akap6(0.0)]	0.294472489559433	0.394867817613742	0.0234377412319527	0.287221951594872	0
akap7.l[akap7(3e-138)]	0.213532801033291	0.281650379780317	0.0750756124121222	0.261635577421644	0.168105629352626
akap8.l	0.185379812799011	0.266328979160069	0.0457828736238156	0.266993974436304	0.235514359980801
akap8l.l[akap8l(0.0)]	0.44994989489911	0.212388303199727	0.0374773941247801	0.246441199459358	0.0537432083170242
akap9.l[akap9(9e-34)]	0.0055124972713221	0.840273475553309	0.154214027175369	0	0
akap9.s[akap9(1e-110)]	0.0371636514731632	0.31739429384691	0.523396562001097	0.12204549267883	0
akirin1.1[akirin1(0.0)]	0.190236513791302	0.22148461896106	0.074568145845325	0.321991320893254	0.191719400509058
akirin1.l[akirin1(2e-69)]	0.239655496128658	0.178021613658597	0.0547808249776639	0.293599549385111	0.23394251584997
akirin2.l[akirin2(1e-121)]	0.228106156466063	0.231956503494522	0.0800891432449911	0.251984538751909	0.207863658042516
akirin2.s[akirin2(0.0)]	0.213477913780776	0.232980330382984	0.114172195275828	0.23576120811582	0.203608352444592
aknad1.l	0.102617078081477	0.0833451964568329	0.81403772546169	0	0
akr1a1.l[akr1a1(3e-169)]	0.101329668989555	0.304021395768872	0.160204150395669	0.303663969637724	0.130780815208179
akr1b1.1[akr1b1(0.0)]	0.0659177885341007	0.244205957536452	0.23069842850475	0.303268916328811	0.155908909095887
akr1b1.s[akr1b1(0.0)]	0.205627711704488	0.21942904594244	0.114326741499634	0.268389318862404	0.192227181991033
akr1c2.1[akr1cl1(0.0)|akr1c2(0.0)]	0	0.101381663503345	0.579606747786956	0.206940808711644	0.112070779998055
akr1d1.1[akr1d1(0.0)]	0.666132132882716	0	0	0.270580630006342	0.0632872371109426
akr7a2.l[akr7a2(0.0)]	0.303111562261958	0.242293112176494	0.0560117628575914	0.171562306013773	0.227021256690183
akr7a2.s[akr7a2(0.0)]	0.138153402561398	0.227320220561756	0.106399660528636	0.368559662061894	0.159567054286316
akt1.l[akt1(0.0)]	0.265190688714581	0.0333252518199409	0.130614277426096	0.45420672689712	0.116663055142262
akt1.s[akt1(0.0)]	0.16903791778927	0.196089810683393	0.0838232743680157	0.38903874885827	0.162010248301052
akt1s1.l[akt1s1(6e-170)]	0.367968768930088	0.248519918424198	0.0351294097000676	0.185123454503161	0.163258448442485
akt1s1.s[akt1s1(0.0)]	0.291148608674998	0.238247105277325	0.0813140054878243	0.209489188763004	0.179801091796848
akt2.l[akt2(2e-39)]	0.22890250175723	0.218773617143213	0.102703190543463	0.270900269283925	0.178720421272169
akt2.s[akt2(0.0)]	0.188357366719247	0.218885920371986	0.102109709657021	0.307198180522437	0.183448822729309
alas1.l[alas1(0.0)]	0.163335628440317	0.640758533691441	0.127303869434226	0.0686019684340164	0
alas1.s[alas1(0.0)]	0.167892101984972	0.220428623755153	0.138253705891426	0.311730792846258	0.16169477552219
alcam.l[alcam(1e-75)]	0.159117195389803	0.194671551422241	0.0462898332758699	0.0995136638422009	0.500407756069885
alcam.s[alcam(0.0)]	0.180610784554349	0.188049130908502	0.0699321250815693	0.136517545696776	0.424890413758802
aldh16a1.l[aldh16a1(0.0)]	0.152604204242148	0.215341270333306	0.264695154333604	0.270052259238884	0.0973071118520591
aldh16a1.s[aldh16a1(0.0)]	0.349211620080318	0.222851162286368	0.0814662793603746	0.230083732452462	0.116387205820477
aldh18a1.l[aldh18a1(0.0)]	0.0200532714397276	0.337599104745275	0.149646531013843	0.336911844132826	0.155789248668327
aldh1a2.l[aldh1a2(2e-35)]	0.149293548038499	0.591878826720679	0.1407745083382	0.0940749455849293	0.0239781713176926
aldh1a2.s[aldh1a2(2e-36)]	0.0999585964447156	0.707009920046195	0.0465596710634959	0.115335140902768	0.0311366715428251
aldh1b1-like.l[aldh1b1(0.0)]	0	0.322846303026717	0	0.260737165977806	0.416416530995477
aldh1l1.l[aldh1l1(3e-49)]	0.12540196273959	0	0.782173702592087	0.0924243346683228	0
aldh1l2.l[aldh1l2(0.0)]	0.479304079576597	0.112485379267359	0.0665585365702803	0.341652004585764	0
aldh1l2.s[aldh1l2(0.0)]	0	0.0517287172825648	0.535429946626944	0.223239990614299	0.189601345476193
aldh2.l[aldh2(0.0)]	0.368856148700584	0.202592291100616	0.0929859811670996	0.131584799388112	0.203980779643589
aldh3a2.l[aldh3a2(0.0)]	0.177771013747113	0.202053240196301	0.248751752630163	0.24899114789596	0.122432845530462
aldh3a2.s[aldh3a2(0.0)]	0.275971478503639	0.239239250653394	0.0564981386017274	0.259865804559109	0.168425327682131
aldh3b1-like.1.l[aldh3b1(0.0)]	0.250109886106237	0.12592358297688	0.366817740820988	0.182439003233394	0.0747097868625013
aldh3b1-like.2.l[aldh3b2(0.0)]	0.432252653020915	0.237955338742219	0.0731149595692079	0.162894705140883	0.0937823435267758
aldh5a1.l[aldh5a1(0.0)]	0	0.899203462540994	0.00578155053938202	0	0.095014986919624
aldh5a1.s[aldh5a1(1e-167)]	0.137347201801745	0.14842549955371	0.0709041643187231	0.382146395603969	0.261176738721853
aldh6a1.l[aldh6a1(5e-179)]	0.261816270366035	0.213100255474743	0.0947752917323778	0.259815364848361	0.170492817578484
aldh6a1.s[aldh6a1(0.0)]	0.241997239616848	0.214525978105554	0.116131023741557	0.265892312250426	0.161453446285615
