GeneNames	NNE	AE	PNP	NB	ANP
42sp43.l[42sp43(4e-134)]	0.0629767535327675	0.155826089031415	0.137663520113779	0.292937941799794	0.350595695522244
42sp50.l[42sp50(0.0)]	0.0758931759779349	0.146899627604504	0.151183820554477	0.380008815580545	0.246014560282539
6330408a02rik-like.1.s[c19orf68(0.0)]	0.101390431244164	0.252861229494195	0.16815522905612	0.149419080018287	0.328174030187234
6330408a02rik-like.2.s[c19orf68(0.0)]	0.102721615594825	0.187968704891033	0.194922716244181	0.181093148475617	0.333293814794344
a2m.s[a2m(0.0)]	0.0284017991743898	0.378091770076295	0.0484307581490137	0	0.545075672600302
aaas.l[aaas(3e-49)]	0.0549766069765889	0.18674462046268	0.108236877847831	0.36121661945752	0.28882527525538
aacs.l[aacs(0.0)]	0.550035271599525	0.0765120259086069	0.0802254399035314	0.195404461011573	0.0978228015767633
aacs.s[aacs(0.0)]	0.724846828890948	0.181526183029927	0.0226746010375023	0.0646000789201987	0.00635230812142495
aadacl4.s[aadacl4(0.0)]	0.381087659568932	0.298410638253355	0.0907760634310085	0.194373861679122	0.0353517770675833
aadat.l[aadat(0.0)]	0.0765382316411002	0.134915527301842	0.276451214052135	0.240069777570792	0.272025249434131
aadat.s[aadat(0.0)]	0.0801899076907952	0.160803674361744	0.245775767251438	0.28001573754457	0.233214913151453
aaed1.s[c9orf21(1e-158)]	0.139279094164364	0.141203043338297	0.194278402643069	0.349225936042861	0.176013523811409
aagab-like.l[aagab(0.0)]	0.124633525947754	0.171138979717851	0.19265933720895	0.350318762538581	0.161249394586863
aagab-like.s[aagab(0.0)]	0.0924252910332691	0.163973074778711	0.188374542120193	0.340938584215675	0.214288507852153
aak1.l[aak1(9e-42)]	0.169860639504663	0.228339277406182	0.132483618322169	0.27403314745276	0.195283317314226
aak1.s[aak1(0.0)]	0.087741142625597	0.262938552917525	0.151978084732204	0.26266107462102	0.234681145103653
aar2.1[c20orf4(0.0)]	0.0646429547013034	0.205019379474956	0.163798990336194	0.292303380292694	0.274235295194853
aarsd1.l[aarsd1(6e-142)]	0.0668537838712382	0.162471957420802	0.255103864990672	0.26766002933419	0.247910364383098
aasdh-like.l[aasdh(1e-178)]	0.0877142070385549	0.243658110869655	0.174831988972825	0.218481859131146	0.27531383398782
aasdhppt.s[aasdhppt(0.0)]	0.0413769784433159	0.116164624282769	0.157113287769945	0.368717684243449	0.316627425260521
aass.l[aass(0.0)]	0.0848254566719345	0.157080015689561	0.193062598428916	0.246072573126908	0.31895935608268
aatf.s[aatf(3e-67)]	0.0697444032567688	0.167751427628386	0.214725738426256	0.211869340881862	0.335909089806728
aatk-like.l[aatk(9e-122)]	0.24866418927333	0.426485570061935	0.000918075990776073	0.0497272307331546	0.274204933940804
aatk-like.s[aatk(3e-65)]	0	0.00385356463739325	0.547797724468795	0.298082791870854	0.150265919022958
abat.l[abat(0.0)]	0.114132822245424	0.186810491877834	0.179301959296947	0.314635924491942	0.205118802087852
abat.s[abat(5e-56)]	0.0812691843145692	0.20536770356789	0.185106182638289	0.28887038068509	0.239386548794162
abca1.l[abca1(0.0)]	0.0341364593806647	0.273797526541625	0.124932626157051	0.0473360900116409	0.519797297909018
abca1.s[abca1(0.0)]	0.0706102314006364	0.199132396965978	0.117221316249029	0.117226720168518	0.495809335215839
abca2.l[abca2(0.0)]	0.169671146797334	0.10345477284721	0.142436088697373	0.11199977337867	0.472438218279414
abca3-like.l[abca3(1e-49)]	0.155766873733842	0.305971771635204	0.143201119652959	0.156719410551623	0.238340824426372
abca3-like.s[abca3(0.0)]	0.13956578637676	0.331957082868366	0.13848880376613	0.163964017950699	0.226024309038045
abca4.l[abca4(0.0)]	0.0730379516695951	0.118611274907386	0.365945573482082	0.0339229152203371	0.4084822847206
abca5.l[abca5(0.0)]	0.0649014946932033	0.121393207363491	0.348127976390647	0.0447101194431262	0.420867202109532
abca5.s[abca5(0.0)]	0.0608503416182036	0.154706657314138	0.178157580886313	0.350734095155566	0.255551325025779
abca8.l[abca8(0.0)|bcl2l1(1e-140)]	0.129315256174918	0.16474638292459	0.281043217946956	0.219566190166293	0.205328952787243
abcb5.l[ensxetg00000007433(0.0)]	0.00933345551184375	0.506664816816486	0.0518316075715609	0	0.432170120100109
abcb6.l[abcb6(0.0)]	0.02835851505768	0.1213796029717	0.210570084126833	0.350873570294309	0.288818227549479
abcb9.l[abcb9(0.0)]	0.0032444614588666	0.111321667198623	0.225177229236554	0.354273358563232	0.305983283542725
abcc4.l[abcc4(0.0)]	0.0332729157029836	0.144148114436795	0.168676545687928	0.322209912289731	0.331692511882562
abcc4.s[abcc4(0.0)]	0.0152664233499175	0.0983565503869365	0.35526155630141	0.425460346691302	0.105655123270434
abcd2-like.l	0.00549803310965246	0	0.736668650499181	0	0.257833316391167
abcd2-like.s	0	0.000518577645785437	0.376781246391921	0	0.622700175962293
abcd3.s[abcd3(2e-35)]	0.0376734675773586	0.128205228390646	0.271041828098264	0.31309781789764	0.249981658036091
abcd4-like.l[abcd4(0.0)]	0.0597998372466945	0.182956894760006	0.271755838818061	0.103453482519822	0.382033946655416
abce1.l[abce1(0.0)]	0.0800082849828703	0.168520262630994	0.206146445776156	0.273160402847203	0.272164603762777
abce1.s[abce1(0.0)]	0.106063393880446	0.194626722507596	0.197894941708098	0.249895933645674	0.251519008258186
abcf1-like.l[abcf1(4e-78)]	0.0896236716462953	0.214293148895452	0.177841861910109	0.168604803305443	0.3496365142427
abcg2.l[abcg2(0.0)]	0.618198525696931	0.096289223879146	0.154436281762645	0.103347742092659	0.0277282265686192
abcg2.s[abcg2(0.0)]	0.045451367242635	0.130142852221967	0.17777560945145	0.221852429163478	0.42477774192047
abhd11.l[abhd11(0.0)]	0.11277483460097	0.125079447684107	0.17698299253909	0.365144038996595	0.220018686179238
abhd12.l[abhd12(0.0)]	0.053811886745185	0.169797508050163	0.123898654150487	0.374367711538405	0.27812423951576
abhd12.s[abhd12(2e-78)]	0.291494399552062	0.0901281721416963	0.233190383697146	0.226276008680432	0.158911035928663
abhd14a.l[ensxetg00000031804(0.0)]	0.12330172841192	0.220279196148803	0.176850241976816	0.397114646199203	0.0824541872632578
abhd14a.s[ensxetg00000001631(4e-95)|ensxetg00000031804(0.0)]	0.000594001113559864	0.0737137674388045	0.253040307652038	0.430431862109899	0.242220061685699
abhd16a.l[abhd16a(1e-64)]	0.0310368991776118	0.1419076992572	0.180432617934095	0.308226516266781	0.338396267364312
abhd16a.s[abhd16a(0.0)]	0.0546252395840479	0.187944552769263	0.136428405179504	0.326220158012129	0.294781644455056
abhd17a.l[fam108a1(2e-69)]	0.0890852126418361	0.15714360036266	0.173355714376808	0.338544723866368	0.241870748752328
abhd17a.s[fam108a1(0.0)]	0.14938718478259	0.240311463633355	0.131117625954174	0.26871079723457	0.210472928395311
abhd17b.l[fam108b1(4e-66)]	0.108671762543197	0.185514220905211	0.278060158942983	0.166728353051987	0.261025504556622
abhd17b.s[fam108b1(1e-71)]	0.005788117650331	0.298797040328931	0.193190817128219	0.13695498249917	0.365269042393349
abhd17c.l[fam108c1(0.0)]	0.0446500925704016	0.142474203738644	0.156775289044161	0.318420209096163	0.33768020555063
abhd17c.s[fam108c1(0.0)]	0.0500256923772312	0.164172450108693	0.175953786987097	0.285747743899679	0.324100326627299
abhd2.l[abhd2(0.0)]	0.0402780893649553	0.135174189204014	0.264162454400972	0.339320379677684	0.221064887352376
abhd2.s[abhd2(2e-80)]	0.0371592172705278	0.150775817829071	0.196180361732246	0.309059760512279	0.306824842655876
abhd4.1[abhd4(0.0)]	0.189780244164743	0.191297226488154	0.117465055633452	0.263860179903508	0.237597293810144
abhd4.l[abhd4(0.0)]	0.111657888154714	0.151159003831672	0.3170548872937	0.37935103566854	0.0407771850513738
abhd5.l[abhd5(0.0)]	0.138442052739442	0.29120634027083	0.162046949352557	0.25020647900984	0.15809817862733
abi1.l[abi1(2e-153)]	0.132896251244837	0.197434853433566	0.13907161752435	0.213739476379483	0.316857801417764
abi2.l[abi2(0.0)]	0.0559353263576502	0.160387467995744	0.118504824081594	0.280787856575104	0.384384524989907
abi2.s[abi2(0.0)]	0.107846495345219	0.155673200305412	0.144452521475955	0.295049712264261	0.296978070609154
abl1-like.1[abl1(2e-77)]	0.105307068832942	0.257009042683056	0.105674921962101	0.169727220463652	0.362281746058249
abl1-like.s[abl1(0.0)|exosc2(3e-157)]	0.0645185149010422	0.187021503088009	0.14514625913621	0.319001634882775	0.284312087991963
abl2.l[abl2(3e-57)]	0.0954123750378841	0.191688820635682	0.180333791477911	0.204103526008516	0.328461486840008
abl2.s[abl2(0.0)]	0.120560558283912	0.240156026896126	0.153603241946288	0.176357348858006	0.309322824015667
abr.l[abr(3e-125)]	0.0577241093890262	0.144987281601881	0.187895777106689	0.258899046117218	0.350493785785186
abr.s[abr(3e-125)]	0.0418887411518516	0.1262773521069	0.210172333330533	0.173360561465549	0.448301011945166
abra.s[abra(0.0)]	0	0.112313696762501	0.332250360039979	0.00129117658393653	0.554144766613583
abtb1.l[abtb1(0.0)]	0.045551886070466	0.152912924337504	0.197059503500498	0.332750035232054	0.271725650859478
abtb1.s[abtb1(0.0)]	0.0584451355776974	0.0897686302804612	0.278736352409433	0.349615381990264	0.223434499742144
abtb2-like.2.s[abtb2(3e-173)|nat10(8e-72)]	0.0510305818717237	0.173961118121417	0.144274649047571	0.141984392043348	0.48874925891594
acaa1.l[acaa1(2e-114)]	0.0606247435435044	0.172563899681694	0.129461660127087	0.321973996477874	0.31537570016984
acaa2.l[acaa2(0.0)]	0.075280189817516	0.182841508334672	0.220360210001357	0.295174942404262	0.226343149442193
acaa2.s[acaa2(8e-110)]	0.0768490902803334	0.125722022933642	0.170082069746266	0.402124977505226	0.225221839534532
acaca-like.l[acaca(0.0)]	0.0962940525416969	0.15811813106658	0.279018656969533	0.229831881857984	0.236737277564206
acaca-like.s[acaca(0.0)]	0.0715050744380959	0.142690936626611	0.121024583194769	0.350581131305561	0.314198274434963
acacb.l[acacb(0.0)]	0.100088672572019	0.184477916797474	0.174172604538975	0.200057714653897	0.341203091437635
acad10.l[acad10(0.0)]	0.076735396460523	0.176891528484573	0.249369146117934	0.242635767862735	0.254368161074234
acad11.l[acad11(0.0)]	0.0322420328449555	0.0833023197575829	0.225268654834216	0.387849449780104	0.271337542783142
acad8.l[acad8(0.0)]	0.0649336717674128	0.148505929989692	0.239117612148854	0.314212977412032	0.233229808682009
acadl.l[acadl(0.0)]	0.0270929883509292	0.116398238462755	0.254254463248665	0.336091170846746	0.266163139090906
acadm.l[acadm(0.0)]	0.0447394409645927	0.139161042632297	0.231042833208329	0.3117257493219	0.273330933872882
acadm.s[acadm(2e-137)]	0.0916060321667199	0.192525371506493	0.204641310430823	0.26878186046051	0.242445425435455
acads.l[acads(0.0)]	0.0681878934119929	0.144889957886122	0.173476542809101	0.368297704466719	0.245147901426066
acadsb.l[acadsb(0.0)]	0.0369787234388889	0.124909282503654	0.215993825573931	0.363513886028974	0.258604282454552
acap3.l[acap3(0.0)]	0.0198733216141517	0.1021902700038	0.447009974566616	0.161879224999679	0.269047208815753
acat1.1[acat1(0.0)]	0.0275538541519033	0.122211117415313	0.163080391858881	0.40027857848604	0.286876058087863
acat1.s[acat1(0.0)]	0.0583714710235119	0.156265521980208	0.152293841064866	0.39052652439804	0.242542641533374
acat2.l[acat2(0.0)]	0.032311608612126	0.126626225823531	0.175806446311998	0.418967783385576	0.246287935866769
acat2.s[acat2(0.0)]	0.0515642538313196	0.147465481540263	0.187841440525241	0.38270950767253	0.230419316430646
acbd3.l[acbd3(2e-47)]	0.261980989038827	0.304970812908152	0.104015150272612	0.224229185265768	0.104803862514641
acbd3.s[acbd3(0.0)]	0.184742930352742	0.277797505736499	0.0940537015466467	0.297989311099346	0.145416551264766
acbd5.l[acbd5(0.0)]	0.0256495665702872	0.0999525472668127	0.240551251260652	0.338791151815386	0.295055483086862
acbd6.s[acbd6(8e-152)]	0.0685459676203078	0.172995726961478	0.150944541479368	0.342838460603114	0.264675303335732
accs.l[ensxetg00000033705(2e-106)]	0.11095067624909	0.23691440506358	0.112258465201784	0.192450375849357	0.34742607763619
accs.s[ensxetg00000033705(3e-48)]	0.148466992786699	0.29335167139006	0.116508216552801	0.16529503770227	0.276378081568169
acer1.l[acer1(3e-64)]	0.0377114453552656	0.0427927415651933	0.702265794632297	0.0666789943766577	0.150551024070586
acer3.l[acer3(1e-84)]	0.147577535029615	0.192207376922545	0.0897292403219533	0.375210469110829	0.195275378615058
acer3.s[acer3(0.0)]	0.0552565186734642	0.144815412777321	0.154741424892263	0.38828644786019	0.256900195796762
ache.1[ache(0.0)]	0.00576597110965671	0.172083659361976	0.114243940171178	0.487870180765816	0.220036248591374
ackr3.l[cxcr7(0.0)]	0.0191055177084564	0.107059346970319	0.293718696773177	0.471860330306089	0.108256108241958
ackr3.s[cxcr7(0.0)]	0.0559367216823593	0.0608826902393226	0.151735222623372	0.523030766822271	0.208414598632675
acmsd-like.l[acmsd(0.0)]	0.0891686630596509	0.113542639222215	0.0731908802954798	0.724097817422654	0
acmsd-like.s[acmsd(0.0)]	0.102674393587001	0.19298674284677	0.134597051323697	0.405057580581208	0.164684231661324
aco1.l[aco1(0.0)]	0.081598091019697	0.170881179192469	0.230414324077097	0.248075975189151	0.269030430521587
aco2.l[aco2(1e-106)]	0.0949264476944567	0.209146060434621	0.185046664109601	0.289807493851997	0.221073333909323
aco2.s[aco2(2e-98)]	0.114028814135722	0.146704509537363	0.227884581576627	0.161804594787321	0.349577499962966
acot11-like.l[acot11(0.0)]	0.0636776083890975	0.156920457984876	0.176384111112259	0.318628425482406	0.284389397031362
acot12.l[acot12(0.0)]	0.0352832232325544	0.136343494680683	0.165502420273385	0.362046497518222	0.300824364295155
acot13.s[acot13(0.0)]	0.0669334236821684	0.188066208521682	0.201831105371031	0.357502938670705	0.185666323754414
acot2.s[acot2(0.0)]	0.135562383137478	0.18616170952168	0.0671806878642217	0.394085364488201	0.217009854988419
acox2.l[acox2(0.0)|arpc4(7e-26)]	0.113254043895533	0.15989615688795	0.248097783988212	0.241533662024748	0.237218353203557
acoxl.l[acoxl(0.0)]	0.0845564743806518	0.165444148818668	0.16972376960498	0.24981910979837	0.33045649739733
acpp.l	0.591025098151649	0.259154340091122	0.00892240685179035	0.140898154905438	0
acrc.l[igbp1(0.0)]	0.0600041432260306	0.182675987550341	0.241367307147915	0.199799551856725	0.316153010218989
acsf3.s[acsf3(0.0)]	0.0446881027614622	0.143069451552934	0.167227620347815	0.383752932625233	0.261261892712556
acsl4.l[acsl4(1e-119)]	0.00925433002448906	0.136983691019911	0.25519363653144	0.299131306532578	0.299437035891582
acsl4.s[acsl4(0.0)]	0.0768254517436674	0.219288289581199	0.160600966696923	0.216401560617804	0.326883731360407
acsl6.l[acsl6(0.0)]	0.0605147954573236	0.148764707230508	0.229275447244901	0.336787893233846	0.224657156833422
acsm3.l[acsm3(8e-52)]	0.0601586113046362	0.169950593585402	0.269026498708143	0.25546264808829	0.245401648313529
acss1.l[acss1(0.0)]	0.181537920112346	0.11843228591131	0.313860363004802	0.090462492233352	0.295706938738191
acss2-like.l[acss2.1(0.0)]	0.252001081548733	0.280511693540026	0.0992105061100483	0.212642929828371	0.155633788972821
acss3.l[acss3(0.0)]	0.0688077346060227	0.142989796480586	0.232629698638223	0.289346737174199	0.26622603310097
actc1.l[actc1(0.0)]	0.0163604061264085	0	0.849891694251126	0	0.133747899622465
actc1.s[actc1(0.0)]	0.016207729262218	0	0.832626539547856	0	0.151165731189925
actg1.l[actg1(0.0)]	0.0844102772354171	0.139601277754215	0.244489557799897	0.28369381951929	0.247805067691181
actg1.s[actg1(0.0)]	0.0904183408872606	0.12846620202746	0.269445431136866	0.207844646791034	0.30382537915738
actn1.l[actn1(0.0)]	0.408305257779726	0.397434751907553	0.0121252142154627	0.182134776097258	0
actn1.s[actn1(0.0)]	0.235189368299778	0.354025548627297	0.115719447438555	0.160668619035963	0.134397016598406
actn3.l[actn3(3e-63)]	0.130859971308548	0.182260370183134	0.190238227451026	0.096167535348664	0.400473895708629
actn4.l[actn4(0.0)]	0.231665502799057	0.171116606236735	0.140943959270184	0.280503465292926	0.175770466401098
actn4.s[actn4(5e-75)]	0.11971064605017	0.200969874055723	0.15387375898972	0.245069880888818	0.28037584001557
actr10.l[actr10(3e-171)]	0.131532391248654	0.161218000075997	0.177810920261606	0.282531568706793	0.246907119706949
actr10.s[actr10(0.0)]	0.0567067439512977	0.14448931530567	0.197460648966327	0.309230510444386	0.292112781332319
actr1a.l[actr1a(0.0)]	0.0574270223705955	0.163616914421162	0.180433232818003	0.336413031888577	0.262109798501662
actr1a.s[actr1a(1e-64)]	0.166769267219296	0.311955188379793	0.12722499739998	0.264215143216886	0.129835403784045
actr2.l[actr2(2e-79)]	0.100397683414465	0.169629126376771	0.125769496015217	0.326189932272756	0.278013761920792
actr2.s[actr2(0.0)]	0.0856211154822415	0.204869625677648	0.147853283661986	0.260992760262386	0.300663214915738
actr3.l[actr3(2e-42)]	0.0725006299885083	0.16725692294255	0.165715928924252	0.376609777367924	0.217916740776765
actr3.s[actr3(0.0)]	0.0552784770293175	0.145317283603806	0.142505427513256	0.388189001747104	0.268709810106517
actr5.s[actr5(0.0)]	0.0749449696315625	0.228980150384055	0.123891358543303	0.324491827437845	0.247691694003235
actr6.l[actr6(4e-169)]	0.0658976227722511	0.196095364493881	0.227397681712763	0.219707914382564	0.290901416638541
actr8.1	0.0664404630716662	0.173559987754833	0.130682021231539	0.361952462909381	0.267365065032582
acvr1.l[acvr1(3e-91)]	0.129974628084934	0.180697481411899	0.282548875664843	0.0760102166587844	0.33076879817954
acvr1.s[acvr1(0.0)]	0.187847667497714	0.200568058951947	0.223519081357385	0.0336888838314436	0.35437630836151
acvr1b.l[acvr1b(0.0)]	0.267556434662978	0.20670639867369	0.231051159087804	0.0308765469968877	0.263809460578641
acvr1b.s[acvr1b(0.0)]	0.13059895210552	0.202780613993034	0.130282060478387	0.133517557653331	0.402820815769729
acvr2a.l[acvr2a(0.0)]	0.126581933205753	0.237749312141258	0.145302710386534	0.187824564588165	0.302541479678289
acvr2a.s[acvr2a(0.0)]	0.117876320660111	0.226272781214487	0.165715143661546	0.147854167876591	0.342281586587265
acvr2b.l[acvr2b(0.0)]	0.0694756747849519	0.121701729281243	0.23689302814658	0.325613514098114	0.24631605368911
acvr2b.s[acvr2b(0.0)]	0.0783586253535269	0.201205073934761	0.142540553132093	0.226994442174074	0.350901305405545
acy1.1.s[acy1.1(7e-170)]	0.0501368740321146	0.118444240695354	0.285456541020398	0.278301283041903	0.26766106121023
acy3.l[acy3(1e-87)]	0.0974737605250438	0.273020975091569	0.145490557523004	0.412643877265385	0.0713708295949983
adad2.s[adad2(2e-96)]	0.214928897479889	0.158388594829502	0.154842635622899	0.272174072951077	0.199665799116632
adal.l[adal(0.0)]	0.059975602967347	0.146423140351877	0.233697360951843	0.281652147144481	0.278251748584453
adal.s[adal(0.0)]	0.0737238992880932	0.162551237264331	0.239988724615646	0.281154888884514	0.242581249947416
adam10.l[adam10(0.0)]	0.0720511778014498	0.179010825578325	0.164445120104287	0.249809869194178	0.334683007321759
adam10.s[adam10(0.0)]	0.110647804173743	0.219909750752424	0.174752908956176	0.18786133595581	0.306828200161846
adam17.l[adam17(0.0)]	0.128396882705505	0.270233059183071	0.103016369541257	0.233228936182982	0.265124752387185
adam17.s[adam17(0.0)]	0.115331597654058	0.191843536076302	0.150945189767384	0.254742142310614	0.287137534191643
adam19.s[adam19(4e-133)]	0.142910158643927	0.130522986325466	0.192910527604912	0.221879994119836	0.311776333305859
adam9.l[adam9(2e-53)]	0.0666073867141524	0.173977558237065	0.151958384786605	0.251381173165385	0.356075497096793
adam9.s[adam9(2e-116)]	0.160720419678616	0.153254652884764	0.173689592249115	0.193320505665335	0.319014829522171
adamts1.l[adamts1(0.0)]	0.00640226905051005	0.0159678050469372	0.698572883286867	0.158504660492564	0.120552382123122
adamts1.s[adamts1(4e-168)]	0.0030937691427717	0	0.426020667715152	0	0.570885563142076
adamts10-like.l[adamts10(0.0)]	0.00378081486167782	0.0417434456198874	0.184040865465335	0	0.7704348740531
adamts12.l[adamts12(0.0)]	0.0910115086552114	0.225627446180577	0.129928318318819	0.257817158520016	0.295615568325377
adamts16.l[adamts16(3e-90)]	0.0148185143698181	0.0976293741932839	0.226713121490179	0.367966139869586	0.292872850077133
adamts17-like.l[adamts17(0.0)]	0.0471118566576753	0.0763037610332161	0.383002869748127	0.230098955664423	0.263482556896558
adamts17-like.s[adamts17(0.0)]	0.0382312276938231	0.107758743102968	0.285960571567648	0.20601988471727	0.362029572918291
adamts18.l[adamts18(0.0)]	0	0.686893744683327	0.143010890456694	0.0673053697376979	0.102789995122281
adamts18.s[adamts18(0.0)]	0	0.0942590032339415	0.70000472844181	0.205736268324249	0
adamts2.s[adamts2(0.0)]	0.0438074416243187	0.213110724302024	0.186772488398986	0.274141843439667	0.282167502235004
adamts3.l[adamts3(0.0)]	0.0623241610899632	0.206147269886452	0.244407485279362	0.212941871661731	0.274179212082492
adamts5.l[adamts5(0.0)]	0	0	0.898073847045199	0.101926152954801	0
adamts5.s[adamts5(0.0)]	0	0	0.852580302955411	0.0460875961716229	0.101332100872966
adamts6.1[adamts6(0.0)]	0.0352523755080174	0.179251514884507	0.276990340834551	0.339726305164313	0.168779463608612
adamts6.l[adamts6(2e-144)]	0.0840369451484164	0.0934229337728659	0.284382174665081	0.204960806125694	0.333197140287942
adamtsl4.l[adamtsl4(6e-42)]	0.0177012806540126	0	0.00268730930209023	0	0.979611410043897
adamtsl4.s[adamtsl4(4e-45)]	0.0163262985308781	0.00857851259548286	0.244241502973105	0	0.730853685900535
adamtsl5.l[adamtsl5(0.0)]	0.0483568907992382	0.123748934814238	0.148000954446388	0.495329781829728	0.184563438110408
adamtsl5.s[adamtsl5(1e-67)]	0.166804075180846	0.134320521890688	0.144580809283492	0.413771448501519	0.140523145143455
adap1.l[xb-gene-5838973(0.0)|adap1(1e-44)]	0.2028627750355	0.309632463214524	0.18686260528155	0.265105940229351	0.0355362162390756
adat1.s[adat1(0.0)]	0.0280326875660267	0.0997228199945474	0.204100123694824	0.498785277284844	0.169359091459758
adat2.l[adat2(4e-169)]	0.0973229219253155	0.22453804369777	0.161896051252199	0.135549283823522	0.380693699301193
adck2.s[adck2(0.0)]	0.0162648759727141	0.150026942441198	0.047894805904597	0.371696298874627	0.414117076806864
adck4-like.l[adck4(0.0)]	0.0436000961424742	0.198854763334535	0.220051393353424	0.302204608440998	0.235289138728568
adcy4-like.l[adcy4(0.0)]	0.0262182490748807	0.103069267682171	0.270779035762367	0.337802669438342	0.262130778042239
adcy4-like.s[adcy4(0.0)]	0.0351944333086802	0.090975720139175	0.503401216111423	0.209826316400351	0.160602314040371
adcy7.l[adcy7(0.0)]	0.0268606058498955	0.128122408193087	0.206578245615062	0.238758671533736	0.399680068808219
add3.l[add3(0.0)]	0.0742536164562587	0.191080579557976	0.151240778649355	0.259349619939127	0.324075405397283
add3.s[add3(0.0)]	0.0475091821019035	0.161681460209966	0.134427691826063	0.308503197591239	0.347878468270829
adgb.l[adgb(0.0)]	0.0653243054640591	0.134511731580293	0.259152871360136	0.302625482600487	0.238385608995025
adh6.l[adh6(0.0)]	0.0654152131752029	0.133720941433937	0.204432447741139	0.323115940521621	0.2733154571281
adh6.s[adh6(0.0)]	0.0157802760079883	0.0704289889749928	0.171854694123363	0.429448008653735	0.312488032239921
adi1.l[adi1(2e-55)]	0.0500557553442891	0.166594364846554	0.13941309519957	0.394655538272138	0.249281246337449
adk.1[adk(9e-40)]	0.122013203717759	0.20185673158108	0.213554626419488	0.214099147304318	0.248476290977355
adm2.s	0.022061281776493	0.153722224346342	0.261927062268674	0.274940801301345	0.287348630307146
admp.l[admp(1e-80)]	0.00726728404047481	0.0228014066106037	0.729901679842288	0	0.240029629506633
admp.s[admp(6e-79)]	0.0133949240250593	0.0111937373688743	0.845980798604878	0	0.129430540001189
admp2.l	0	0.534897660750082	0	0.15022630868884	0.314876030561077
adnp.l[adnp(0.0)]	0.0877177997531019	0.198892879827708	0.176346077072967	0.1652633572565	0.371779886089723
adnp.s[adnp(0.0)]	0.0686247449749855	0.188563532420837	0.194258332417443	0.16052172214771	0.388031668039025
adnp2.l[adnp2(8e-177)]	0.0779435809692555	0.191025882103405	0.193370203157132	0.167522801066025	0.370137532704183
adnp2.s[adnp2(7e-68)]	0.0852953661571339	0.194691604101985	0.18000705714739	0.165084822241459	0.374921150352032
ado.l[ado(0.0)]	0.0644180952091528	0.122454703742781	0.185363608062278	0.24174096659423	0.386022626391558
ado.s[ado(0.0)]	0.16618367018659	0.128904369722329	0.0968251055229455	0.251449030327982	0.356637824240153
adora2a.l[adora2a(1e-44)]	0.0666653032422959	0.0380440361111163	0.342512887487576	0.268157983638018	0.284619789520994
adora2a.s[adora2a(0.0)]	0.0128562245820992	0.11491393677528	0.576031653342018	0	0.296198185300603
adprhl2.l[adprhl2(0.0)]	0.026478678662976	0.123058569894595	0.195514076290164	0.321740030578861	0.333208644573404
adprhl2.s[adprhl2(0.0)]	0.0863959606124874	0.208035416553461	0.0404543486472751	0.276148544375998	0.388965729810779
adprm.l[c17orf48(0.0)]	0.0137026939401307	0.123027908052376	0.166138865207313	0.384378485362723	0.312752047437458
adrbk2.l[adrbk2(3e-36)]	0.0378666142277368	0.109713291130531	0.378965576463051	0.0910253162559704	0.382429201922711
adrbk2.s[adrbk2(0.0)]	0	0.0676035596026197	0.510803369987612	0.376921307513024	0.0446717628967442
adrm1.l[adrm1(0.0)]	0.0945419963630043	0.195303046162375	0.159252280165101	0.321952484371803	0.228950192937717
adrm1.s[adrm1(0.0)]	0.119238089559449	0.246456145999076	0.0704590270062411	0.367339191131649	0.196507546303585
adsl.l[adsl(0.0)]	0.0575615509095184	0.157945931202676	0.114990026597353	0.380373577150785	0.289128914139667
adss.l[adss(0.0)]	0.109159797637089	0.200518149490756	0.205942910699574	0.166059062660505	0.318320079512077
aen.l[aen(0.0)]	0.125074508269363	0.237105284944971	0.162516263514766	0.34326866259991	0.13203528067099
aen.s	0.0962666844360449	0.221326909188986	0.143687498456131	0.269619867397117	0.269099040521721
afap1.l[afap1(1e-31)]	0.0701472762789928	0.337054574830407	0.0470682655302249	0.196704891627031	0.349024991733344
afap1.s[afap1(0.0)]	0.0455132026520727	0.232471793402326	0.200216630328293	0.159902098261691	0.361896275355617
afap1l1.l[afap1l1(6e-43)]	0.0612268066302742	0.0663623981015549	0.553049994362668	0.189118577575552	0.130242223329951
aff1.l[aff1(0.0)]	0.0680667114622415	0.209781859732212	0.168372995580892	0.330807043080519	0.222971390144136
aff4.l[aff4(2e-57)]	0.106383542247496	0.37424891215526	0.139159118398453	0.123103998029589	0.257104429169201
aff4.s[aff4(0.0)]	0.109624409211806	0.283755544686335	0.163374805059017	0.122732025532878	0.320513215509964
afg3l1p.1[afg3l1p(0.0)]	0.0550252689906744	0.154680844538833	0.150060270374425	0.354930187532919	0.285303428563147
afg3l1p.s[afg3l1p(0.0)]	0.0969233747192621	0.181893499115244	0.169836724471911	0.248500468491871	0.302845933201712
afg3l2.l[afg3l2(0.0)]	0.0804237211529573	0.187525975865729	0.20964337454989	0.25178192480549	0.270625003625934
afmid.l[afmid(0.0)]	0.25438872472157	0.270745827599853	0.0982857844353675	0.376579663243209	0
aga.l[aga(0.0)]	0.0411965262016098	0.106498670627875	0.24983689782683	0.337860015111406	0.264607890232279
agbl1-like.s[agbl1(0.0)]	0.0411489301992972	0.137242162073308	0.110139417509584	0.327990518622565	0.383478971595246
agbl2.l[agbl2(6e-32)]	0.684358577527362	0.125887944684773	0.126564608353133	0.0322266685322934	0.0309622009024382
agbl3.s[agbl3(2e-53)]	0.254080715813513	0.139756432192193	0.192560064458326	0.167739065270588	0.245863722265381
agbl5.l[agbl5(5e-61)]	0.426855887373617	0.124125927293381	0.117857922243133	0.11867327389027	0.212486989199599
agbl5.s[agbl5(0.0)]	0.165114923833705	0.112831163564872	0.197102015545559	0.19644608500751	0.328505812048354
agfg1.l[agfg1(0.0)]	0.0678382493918227	0.132046973055862	0.156689465496242	0.291152596716765	0.352272715339308
agfg1.s[agfg1(0.0)]	0.115271093588208	0.164911011005736	0.152951535376687	0.223261677790077	0.343604682239292
aggf1.l[aggf1(6e-110)]	0.106546454192217	0.26619539162586	0.140478664762857	0.170551895248363	0.316227594170704
aggf1.s[aggf1(6e-107)]	0.089139161577454	0.192939506052782	0.168700009185306	0.243829624829646	0.305391698354812
agk.s[agk(0.0)]	0.0464397658887995	0.142400539539768	0.154074471937057	0.315109464262225	0.341975758372151
agl.l[agl(0.0)]	0.0706820070782937	0.146546544469682	0.208624852251847	0.288526588767356	0.285620007432821
agl.s[agl(0.0)]	0.0561311361531212	0.125894802402293	0.204482151854233	0.233853677238468	0.379638232351885
agmo.l[agmo(5e-61)]	0.061267345597842	0.044135471878517	0.638458095358304	0.179802381375198	0.0763367057901387
ago1.l[eif2c1(0.0)]	0.0413089300615676	0.219770441955233	0.163036153195558	0.15714153221781	0.418742942569831
ago1.s[eif2c1(3e-34)]	0.0198348979993102	0.140216984578837	0.308434191436685	0.213183847695674	0.318330078289493
ago2.l[eif2c2(0.0)]	0.0634719929913075	0.176966507192903	0.181727946740761	0.145997788174366	0.431835764900662
ago2.s[eif2c2(0.0)]	0.086690146304601	0.218203868449147	0.187752922481524	0.155038929660998	0.35231413310373
ago3-like.l[eif2c3(0.0)]	0.414860991531063	0.481448110061813	0.0386243048177387	0.0650665935893861	0
ago3-like.s[eif2c3(0.0)]	0.0673909571873453	0.166229802434857	0.303507726334565	0.183981218984814	0.278890295058419
agpat1.l[agpat1(1e-47)]	0.0341523974873861	0.133380664230443	0.268198470837025	0.287000080601403	0.277268386843742
agpat1.s[agpat1(8e-40)]	0.0371604189056293	0.123558242577309	0.241707535047807	0.32446050952864	0.273113293940615
agpat5.l[agpat5(1e-128)]	0.0962390659903857	0.0911852306737861	0.189224982427158	0.369826322507466	0.253524398401204
agpat5.s[agpat5(0.0)]	0.0277043902565833	0.103961103862522	0.185998792616536	0.389366914611397	0.292968798652962
agpat6.l[agpat6(0.0)]	0.116737025203822	0.221690699429449	0.109356322958248	0.331468084733682	0.220747867674799
agpat6.s[agpat6(0.0)]	0.463501777601934	0.00302549260457884	0.0535855053480423	0.236913194240479	0.242974030204965
agpat9.l[chchd2(7e-81)]	0.0553249498658754	0.152430292776138	0.169626914573268	0.407146103426542	0.215471739358177
agpat9.s[chchd2(0.0)]	0.0640254261351404	0.153551191913504	0.172507014506623	0.373193529375416	0.236722838069316
agps.l[agps(0.0)]	0.0752610792674444	0.150626506670579	0.165225938568763	0.306112044764747	0.302774430728467
agps.s[agps(0.0)]	0.0745592375506534	0.1816640662605	0.182903623916149	0.256865411530974	0.304007660741723
agr2.l[agr2(0.0)]	0	0.967794930237087	0.0322050697629129	0	0
agr2.s[agr2(0.0)]	0.00299129976451589	0.967836597888954	0.0291721023465302	0	0
agtrap.l[agtrap(2e-60)]	0.0504930310121543	0.121266272636183	0.206188237463096	0.399406705269911	0.222645753618655
ahctf1.l[ahctf1(9e-25)|ahctf1(0.0)]	0.0790813204281629	0.163834079727311	0.257255907287056	0.15653511913595	0.343293573421521
ahctf1.s[ahctf1(0.0)|ahctf1(0.0)]	0.0972040454885622	0.193418035254206	0.231431107990063	0.213190332345026	0.264756478922143
ahcy.l[ahcy(0.0)]	0.0807767926318609	0.161623627882215	0.177678336856905	0.329848045354682	0.250073197274338
ahcy.s[ahcy(0.0)]	0.0694865438148915	0.156245551581332	0.18207148451316	0.370795846762217	0.221400573328399
ahdc1.l[ahdc1(1e-137)]	0.0440503265737664	0.244318167146684	0.121786548921514	0.146227181205974	0.443617776152062
ahdc1.s[ahdc1(8e-139)]	0.074139918561112	0.226752038060884	0.201406425514368	0.200185379278043	0.297516238585592
ahi1-like.l[ahi1(0.0)]	0.149369092504818	0.188483655145544	0.163156505591141	0.147541013474686	0.35144973328381
ahnak-like.l[ahnak(1e-23)]	0.508349644851328	0.332079143800609	0.12129916809118	0	0.038272043256882
ahnak-like.s[ahnak(1e-25)]	0.755373617171852	0.125949360472336	0.0615306305915088	0	0.0571463917643023
ahsa1.l[ahsa1(0.0)]	0.123829037801834	0.195016892152977	0.161548494988845	0.23082922597814	0.288776349078204
ahsa1.s[ahsa1(1e-22)]	0.0837699971066379	0.173718250012119	0.178609133731272	0.27331653796497	0.290586081185001
aicda.s[aicda(0.0)]	0.234450860543589	0.207204361018168	0.143255220885666	0.223413884548155	0.191675673004422
aifm1.l[aifm1(1e-21)]	0.0826133602785114	0.191848310442244	0.153533479914965	0.255529577950478	0.316475271413802
aifm2.l[aifm2(2e-141)]	0.516461123566076	0.366033638704377	0	0.117505237729547	0
aifm2.s[aifm2(0.0)]	0.0458492160301974	0.128830988152199	0.308457352392142	0.247296496672949	0.269565946752512
aifm3-like.l[ensxetg00000033610(0.0)|xtr-mir-22(8e-38)]	0.282643943259281	0.424744386327262	0.0598633749185049	0.143894581308372	0.0888537141865798
aim1-like.1.l[aim1(0.0)]	0.254204207495782	0.224441622246604	0.121976223662647	0.1642813954907	0.235096551104266
aim1-like.1.s[aim1(0.0)]	0.669315307639534	0.199596220147179	0.092158600355415	0.0271751438104532	0.0117547280474195
aim1l.l[aim1l(3e-73)]	0.137105504295097	0.136718920362813	0.238744821326061	0.48743075401603	0
aim1l.s[aim1l(0.0)]	0.53317378221019	0.403150403684246	0.0520860963210783	0	0.0115897177844849
aimp1.l[aimp1(0.0)]	0.0776756661094385	0.167360980599596	0.156518279189636	0.379625287856705	0.218819786244625
aimp1.s[aimp1(3e-84)]	0.0541483237504355	0.149713610689098	0.216850966831067	0.295584302300588	0.283702796428812
aimp2.l[aimp2(0.0)]	0.0677924442171901	0.194934289600433	0.130868416139892	0.368315899349224	0.238088950693261
aimp2.s[aimp2(0.0)]	0.0659326231713181	0.199790151504017	0.110283334435943	0.395487869131543	0.228506021757179
aip.l[aip(0.0)]	0.0340359332711569	0.160400466101108	0.234172727224597	0.226651629072924	0.344739244330214
ak3.1[ak3(0.0)]	0.0287873784069131	0.0350338003360569	0.287788487420315	0.576089016133176	0.0723013177035386
ak3.l[ak3(0.0)]	0.0320905500763938	0.0971190160955138	0.350377434209263	0.109769031451711	0.410643968167119
ak4.s[ak4(0.0)]	0.124180635127991	0.220391961951543	0.303969246195851	0.039287288401444	0.312170868323171
ak6.l[taf9(0.0)]	0.055845832604606	0.135368888640305	0.246722862526664	0.333028336670504	0.22903407955792
ak6.s[taf9(0.0)]	0.0854952791945244	0.166660188525771	0.200525654175589	0.344084859605523	0.203234018498593
ak7.s[ak7(0.0)]	0.210299860635206	0.119766595185867	0.220767750258191	0.224046608345325	0.225119185575411
ak8.l[ak8(7e-126)]	0.310302865314782	0.0855960959358145	0.149136088657093	0.236439608269471	0.218525341822839
akap1-like.l	0.073347432595607	0.236055360514281	0.152489421659871	0.183062306343472	0.355045478886769
akap10.l[akap10(0.0)]	0.243838006349461	0.233423687901228	0.12542489688337	0.188908200955953	0.208405207909987
akap10.s[akap10(0.0)]	0.114063226960799	0.20750916893458	0.16470577524143	0.264592889257913	0.249128939605279
akap11.l[akap11(0.0)]	0.360639373624584	0.246678455643549	0.087891474509711	0.1185266882275	0.186264007994657
akap13-like.l[ensxetg00000007624(0.0)|akap13(9e-163)]	0.103196335911793	0.23717485433045	0.158039736048869	0.0644847610694694	0.437104312639419
akap13-like.s[ensxetg00000007624(0.0)|akap13(3e-157)]	0.0864079791718921	0.220643783245794	0.236758019485385	0.0611005230418606	0.395089695055069
akap2.1[akap2(0.0)]	0.109873116292568	0.148501173776765	0.440390327665822	0.127620000961444	0.1736153813034
akap2.l[akap2(0.0)]	0.0275385819710918	0.0554172035961867	0.291015503714902	0.356909441161487	0.269119269556332
akap7.l[akap7(3e-138)]	0.0458704580414953	0.156432139117299	0.247377660246811	0.271009562262278	0.279310180332116
akap8.l	0.0238459562688145	0.128288658533578	0.156447100521146	0.335751492905073	0.355666791771389
akap8l.l[akap8l(0.0)]	0.0511937942171313	0.162664620119015	0.16543201830228	0.332683877706057	0.288025689655517
akap9.l[akap9(9e-34)]	0.111154573031057	0.652296289795606	0.0810909950094884	0.0765663159195307	0.0788918262443172
akap9.s[akap9(1e-110)]	0.536007019420555	0.384699238723003	0.0560780825055366	0	0.0232156593509055
akirin1.1[akirin1(0.0)]	0.0478003994639367	0.166657711341141	0.13835408333292	0.328047684290394	0.319140121571608
akirin1.l[akirin1(2e-69)]	0.03291460068531	0.131669678428066	0.194856156109798	0.24073435713175	0.399825207645076
akirin2.l[akirin2(1e-121)]	0.0675274023891428	0.173174038094701	0.136342243862362	0.320508255459367	0.302448060194428
akirin2.s[akirin2(0.0)]	0.0721552826657925	0.17027207199709	0.147702920704637	0.338110303661695	0.271759420970786
akr1a1.l[akr1a1(3e-169)]	0.119807626580319	0.214311581686943	0.201450377780255	0.258499277635516	0.205931136316966
akr1b1.1[akr1b1(0.0)]	0.0967994926125802	0.133880748250437	0.125700948497685	0.376061935187356	0.267556875451942
akr1b1.s[akr1b1(0.0)]	0.0684859148403389	0.174593199052898	0.147578688343328	0.361016124758742	0.248326073004693
akr1c2.1[akr1cl1(0.0)|akr1c2(0.0)]	0.169754445581767	0.169556922281462	0.120459761382215	0.382653953284539	0.157574917470017
akr1d1.1[akr1d1(0.0)]	0.00795871496423526	0.214009091205215	0.00693428526248676	0.38097851011297	0.390119398455093
akr7a2.l[akr7a2(0.0)]	0.050840358458812	0.141417758996929	0.144605460639828	0.395853786210127	0.267282635694305
akr7a2.s[akr7a2(0.0)]	0.0854074827933369	0.219078318652709	0.184731171547347	0.306052183230237	0.204730843776371
akt1.l[akt1(0.0)]	0.0537864978705458	0.151903401810364	0.312107834919729	0.347436700688503	0.134765564710858
akt1.s[akt1(0.0)]	0.0851352536305626	0.217417289914934	0.244215031296149	0.22874056856881	0.224491856589545
akt1s1.l[akt1s1(6e-170)]	0.0382126043756301	0.137906489231797	0.195289353191016	0.326918629519685	0.301672923681872
akt1s1.s[akt1s1(0.0)]	0.0531211121838186	0.144314540693301	0.156948358519331	0.30758752694333	0.33802846166022
akt2.l[akt2(2e-39)]	0.101372416646374	0.19912317473165	0.172211813391808	0.246806657805926	0.280485937424243
akt2.s[akt2(0.0)]	0.0775192095770093	0.172229739651419	0.206414005164538	0.223127635366896	0.320709410240138
alas1.l[alas1(0.0)]	0.0166618383145909	0.731710305195267	0	0.0922808483874521	0.15934700810269
alas1.s[alas1(0.0)]	0.0461186035054144	0.128896735428892	0.167621185041442	0.384959156302257	0.272404319721995
alcam.l[alcam(1e-75)]	0.0496561108846748	0.0602440406493345	0.380269578880258	0	0.509830269585733
alcam.s[alcam(0.0)]	0.0500792113680151	0.122953125687629	0.221798325445237	0.0631227933977061	0.542046544101412
aldh16a1.l[aldh16a1(0.0)]	0.110673037655116	0.224537194877614	0.109088065409181	0.252092263605744	0.303609438452345
aldh16a1.s[aldh16a1(0.0)]	0.0685033550753219	0.168660083218933	0.148062699769328	0.299963801279973	0.314810060656443
aldh18a1.l[aldh18a1(0.0)]	0.115006923562827	0.386137194068234	0.0232008272388985	0.136508907879736	0.339146147250305
aldh1a1.l[aldh1a1(2e-100)]	0.396687693251183	0.166252856282957	0.157380374362368	0.139929184607614	0.139749891495878
aldh1a1.s[aldh1a1(0.0)]	0.0369608439099444	0.143559399104619	0.190092841419783	0.321866829385011	0.307520086180642
aldh1a2.l[aldh1a2(2e-35)]	0.166396445612635	0.0716663261151226	0.53939777311001	0.0256754732108503	0.196863981951381
aldh1a2.s[aldh1a2(2e-36)]	0.0761789390437011	0.157480721280595	0.532984105725605	0.0158514286386406	0.217504805311458
aldh1l1.l[aldh1l1(3e-49)]	0.446951987546955	0.220630923365127	0.0334558161287089	0.265165527000337	0.0337957459588717
aldh1l2.l[aldh1l2(0.0)]	0.114693634088739	0.15879178187673	0.187359145656411	0.311025920275451	0.228129518102669
aldh2.l[aldh2(0.0)]	0.0535984930049652	0.123783639654202	0.217792699993197	0.313227273204779	0.291597894142857
aldh3a2.l[aldh3a2(0.0)]	0.186101796133062	0.168757688984875	0.204360749374103	0.257429575026437	0.183350190481523
aldh3a2.s[aldh3a2(0.0)]	0.0690170981151399	0.166235739613749	0.214999805781876	0.300939121356151	0.248808235133084
aldh3b1-like.1.l[aldh3b1(0.0)]	0.0758238651015245	0.168698848321426	0.135701517006158	0.415340677770936	0.204435091799955
aldh3b1-like.2.l[aldh3b2(0.0)]	0.0606608727112923	0.128226656160296	0.110944887512829	0.44762741165729	0.252540171958293
aldh5a1.s[aldh5a1(1e-167)]	0.0739173341910675	0.110344123447903	0.263078753133829	0.158918113600169	0.393741675627031
aldh6a1.l[aldh6a1(5e-179)]	0.0832938435098845	0.187725271625869	0.195822583187447	0.256328790151901	0.276829511524898
aldh6a1.s[aldh6a1(0.0)]	0.0736468726648445	0.156174303218706	0.215293993461178	0.319376508374734	0.235508322280537
aldh7a1.l[aldh7a1(0.0)]	0.0620679647729521	0.134908598352673	0.237681448260965	0.305319676127858	0.260022312485553
aldh7a1.s[aldh7a1(0.0)]	0.0453699159484782	0.143702236927375	0.201171831681424	0.284680165433602	0.325075850009121
